$ 1 0.000005 10.20027730826997 50 5 43
v 128 304 128 144 0 1 40 5 0 0 0.5
w 128 144 208 144 0
r 208 192 304 192 0 100
c 208 80 304 80 0 0.00001 0.38160338436919505
w 208 144 208 80 0
w 208 144 208 192 0
w 304 80 304 144 0
w 304 192 304 144 0
w 304 144 368 144 0
r 368 144 368 304 0 100
c 448 144 448 304 0 0.00001 0.3816030639085326
w 368 144 448 144 0
w 448 304 368 304 0
w 448 144 560 144 0
w 560 304 448 304 0
d 560 144 560 304 1 0.805904783
r 128 304 192 304 0 100
w 368 304 192 304 0
o 15 64 0 2083 5 0.1 0 -1 0
o 0 64 0 2083 10 0.1 1 -1 0