$ 1 0.000005 10.20027730826997 50 5 43
v 144 400 144 240 0 1 50 5 0 0 0.5
r 256 240 256 400 0 2000
l 352 240 352 400 0 1 0.0048763444473644765
c 464 240 464 400 0 0.00001 4.508715404683545
r 144 400 256 400 0 100
w 464 400 352 400 0
w 352 400 256 400 0
w 144 240 256 240 0
w 256 240 352 240 0
w 352 240 464 240 0
w 352 32 464 32 0
w 256 32 352 32 0
w 144 32 256 32 0
w 352 192 256 192 0
w 464 192 352 192 0
r 144 192 256 192 0 100
c 464 32 464 192 0 0.00001 2.5969215550267992
l 352 32 352 192 0 1 -0.011526867868907486
r 256 32 256 192 0 2000
v 144 192 144 32 0 1 10 5 0 0 0.5
o 17 64 0 2083 5 0.1 0 -1 0
o 1 64 0 2083 5 0.00625 1 -1 0