$ 1 0.000005 10.20027730826997 50 5 43
v 144 400 144 240 0 1 50 5 0 0 0.5
r 256 240 352 240 0 2000
l 352 240 464 240 0 1 -0.0017689435300340891
c 464 240 464 400 0 0.00001 -0.5589417952956349
w 464 400 352 400 0
w 352 400 144 400 0
w 144 240 256 240 0
w 144 32 256 32 0
w 352 192 144 192 0
w 464 192 352 192 0
c 464 32 464 192 0 0.00001 3.135395940221672
l 352 32 464 32 0 1 0.0002624430663142048
r 256 32 352 32 0 2000
v 144 192 144 32 0 1 10 5 0 0 0.5
o 11 64 0 2083 0.625 0.003125 0 -1 0
o 1 64 0 2083 10 0.00625 1 -1 0